00000000000
00000010000
00000100000
00000110000
00001000000
00001010000
00001100000
00001110000
00010000000
00010010000
00010100000
00010110000
10000000000
10000010000
10000100000
10000110000
10001000000
10001010000
10001100000
10001110000
10010000000
10010010000
10010100000
10010110000
10100000001
10100000100
10100010010
10100010101
10100100011
10100100110
10100110111
10101000101
10101001000
10101010110
10101011001
10101100111
10101101010
10101111011
10110001001
10110011010
10110101011
11000000001
11000000100
11000010010
11000010101
11000100011
11000100110
11000110111
11001000101
11001001000
11001010110
11001011001
11001100111
11001101010
11001111011
11010001001
11010011010
11010101011
11100000001
11100000100
11100010010
11100010101
11100100011
11100100110
11100110111
11101000101
11101001000
11101010110
11101011001
11101100111
11101101010
11101111011
11110001001
11110011010
11110101011
